3 -1 -1
6 -1 -1
15 -1 4
15 -1 5
15 -1 6
15 -1 7
4 -1 -1
5 -1 -1
40 -1 -1
14 -1 -1
19 -1 -1
15 -1 -1
16 -1 -1
3 -1 4
3 -1 5
3 -1 6
3 -1 7
39 -1 -1
31 -1 -1
5 -1 4
5 -1 5
5 -1 6
5 -1 7
20 -1 -1
23 -1 -1
6 -1 4
6 -1 5
6 -1 6
6 -1 7
14 -1 4
14 -1 5
14 -1 6
14 -1 7
18 -1 -1
31 -1 4
31 -1 5
31 -1 6
31 -1 7
16 -1 4
16 -1 5
16 -1 6
16 -1 7
30 -1 -1
30 -1 4
30 -1 5
30 -1 6
30 -1 7
4 -1 4
4 -1 5
4 -1 6
4 -1 7
27 -1 -1
22 -1 -1
29 -1 -1
26 -1 -1
28 -1 -1
24 -1 -1
21 -1 -1
6 -1 -1
31 0 -1
31 1 -1
31 2 -1
31 3 -1
31 4 -1
31 5 -1
31 6 -1
31 7 -1
56 -1 -1
3 -1 -1
14 -1 -1
57 -1 -1
30 0 -1
30 1 -1
30 2 -1
30 3 -1
30 4 -1
30 5 -1
30 6 -1
30 7 -1
15 0 4
15 0 5
15 0 6
15 0 7
15 1 4
15 1 5
15 1 6
15 1 7
15 2 4
15 2 5
15 2 6
15 2 7
15 3 4
15 3 5
15 3 6
15 3 7
15 4 4
15 4 5
15 4 6
15 4 7
15 5 4
15 5 5
15 5 6
15 5 7
15 6 4
15 6 5
15 6 6
15 6 7
15 7 4
15 7 5
15 7 6
15 7 7
5 0 -1
5 1 -1
5 2 -1
5 3 -1
5 4 -1
5 5 -1
5 6 -1
5 7 -1
14 0 -1
14 1 -1
14 2 -1
14 3 -1
14 4 -1
14 5 -1
14 6 -1
14 7 -1
30 -1 -1
4 0 -1
4 1 -1
4 2 -1
4 3 -1
4 4 -1
4 5 -1
4 6 -1
4 7 -1
19 0 -1
19 1 -1
19 2 -1
19 3 -1
19 4 -1
19 5 -1
19 6 -1
19 7 -1
58 -1 -1
16 -1 -1
16 0 -1
16 1 -1
16 2 -1
16 3 -1
16 4 -1
16 5 -1
16 6 -1
16 7 -1
20 0 -1
20 1 -1
20 2 -1
20 3 -1
20 4 -1
20 5 -1
20 6 -1
20 7 -1
30 0 4
30 0 5
30 0 6
30 0 7
30 1 4
30 1 5
30 1 6
30 1 7
30 2 4
30 2 5
30 2 6
30 2 7
30 3 4
30 3 5
30 3 6
30 3 7
30 4 4
30 4 5
30 4 6
30 4 7
30 5 4
30 5 5
30 5 6
30 5 7
30 6 4
30 6 5
30 6 6
30 6 7
30 7 4
30 7 5
30 7 6
30 7 7
14 0 4
14 0 5
14 0 6
14 0 7
14 1 4
14 1 5
14 1 6
14 1 7
14 2 4
14 2 5
14 2 6
14 2 7
14 3 4
14 3 5
14 3 6
14 3 7
14 4 4
14 4 5
14 4 6
14 4 7
14 5 4
14 5 5
14 5 6
14 5 7
14 6 4
14 6 5
14 6 6
14 6 7
14 7 4
14 7 5
14 7 6
14 7 7
6 0 -1
6 1 -1
6 2 -1
6 3 -1
6 4 -1
6 5 -1
6 6 -1
6 7 -1
27 0 -1
27 1 -1
27 2 -1
27 3 -1
27 4 -1
27 5 -1
27 6 -1
27 7 -1
23 0 -1
23 1 -1
23 2 -1
23 3 -1
23 4 -1
23 5 -1
23 6 -1
23 7 -1
5 0 4
5 0 5
5 0 6
5 0 7
5 1 4
5 1 5
5 1 6
5 1 7
5 2 4
5 2 5
5 2 6
5 2 7
5 3 4
5 3 5
5 3 6
5 3 7
5 4 4
5 4 5
5 4 6
5 4 7
5 5 4
5 5 5
5 5 6
5 5 7
5 6 4
5 6 5
5 6 6
5 6 7
5 7 4
5 7 5
5 7 6
5 7 7
31 0 4
31 0 5
31 0 6
31 0 7
31 1 4
31 1 5
31 1 6
31 1 7
31 2 4
31 2 5
31 2 6
31 2 7
31 3 4
31 3 5
31 3 6
31 3 7
31 4 4
31 4 5
31 4 6
31 4 7
31 5 4
31 5 5
31 5 6
31 5 7
31 6 4
31 6 5
31 6 6
31 6 7
31 7 4
31 7 5
31 7 6
31 7 7
28 0 -1
28 1 -1
28 2 -1
28 3 -1
28 4 -1
28 5 -1
28 6 -1
28 7 -1
3 0 -1
3 1 -1
3 2 -1
3 3 -1
3 4 -1
3 5 -1
3 6 -1
3 7 -1
16 0 4
16 0 5
16 0 6
16 0 7
16 1 4
16 1 5
16 1 6
16 1 7
16 2 4
16 2 5
16 2 6
16 2 7
16 3 4
16 3 5
16 3 6
16 3 7
16 4 4
16 4 5
16 4 6
16 4 7
16 5 4
16 5 5
16 5 6
16 5 7
16 6 4
16 6 5
16 6 6
16 6 7
16 7 4
16 7 5
16 7 6
16 7 7
22 0 -1
22 1 -1
22 2 -1
22 3 -1
22 4 -1
22 5 -1
22 6 -1
22 7 -1
26 0 -1
26 1 -1
26 2 -1
26 3 -1
26 4 -1
26 5 -1
26 6 -1
26 7 -1
29 0 -1
29 1 -1
29 2 -1
29 3 -1
29 4 -1
29 5 -1
29 6 -1
29 7 -1
15 0 -1
15 1 -1
15 2 -1
15 3 -1
15 4 -1
15 5 -1
15 6 -1
15 7 -1
49 -1 -1
7 -1 -1
3 0 4
3 0 5
3 0 6
3 0 7
3 1 4
3 1 5
3 1 6
3 1 7
3 2 4
3 2 5
3 2 6
3 2 7
3 3 4
3 3 5
3 3 6
3 3 7
3 4 4
3 4 5
3 4 6
3 4 7
3 5 4
3 5 5
3 5 6
3 5 7
3 6 4
3 6 5
3 6 6
3 6 7
3 7 4
3 7 5
3 7 6
3 7 7
8 0 -1
8 1 -1
8 2 -1
8 3 -1
8 4 -1
8 5 -1
8 6 -1
8 7 -1
6 0 4
6 0 5
6 0 6
6 0 7
6 1 4
6 1 5
6 1 6
6 1 7
6 2 4
6 2 5
6 2 6
6 2 7
6 3 4
6 3 5
6 3 6
6 3 7
6 4 4
6 4 5
6 4 6
6 4 7
6 5 4
6 5 5
6 5 6
6 5 7
6 6 4
6 6 5
6 6 6
6 6 7
6 7 4
6 7 5
6 7 6
6 7 7
21 0 -1
21 1 -1
21 2 -1
21 3 -1
21 4 -1
21 5 -1
21 6 -1
21 7 -1
18 0 -1
18 1 -1
18 2 -1
18 3 -1
18 4 -1
18 5 -1
18 6 -1
18 7 -1
40 0 -1
40 1 -1
40 2 -1
40 3 -1
40 4 -1
40 5 -1
40 6 -1
40 7 -1
55 -1 -1
24 0 -1
24 1 -1
24 2 -1
24 3 -1
24 4 -1
24 5 -1
24 6 -1
24 7 -1
39 0 -1
39 1 -1
39 2 -1
39 3 -1
39 4 -1
39 5 -1
39 6 -1
39 7 -1
10 0 -1
10 1 -1
10 2 -1
10 3 -1
10 4 -1
10 5 -1
10 6 -1
10 7 -1
4 0 4
4 0 5
4 0 6
4 0 7
4 1 4
4 1 5
4 1 6
4 1 7
4 2 4
4 2 5
4 2 6
4 2 7
4 3 4
4 3 5
4 3 6
4 3 7
4 4 4
4 4 5
4 4 6
4 4 7
4 5 4
4 5 5
4 5 6
4 5 7
4 6 4
4 6 5
4 6 6
4 6 7
4 7 4
4 7 5
4 7 6
4 7 7
30 0 4
30 0 5
30 0 6
30 0 7
30 1 4
30 1 5
30 1 6
30 1 7
30 2 4
30 2 5
30 2 6
30 2 7
30 3 4
30 3 5
30 3 6
30 3 7
30 4 4
30 4 5
30 4 6
30 4 7
30 5 4
30 5 5
30 5 6
30 5 7
30 6 4
30 6 5
30 6 6
30 6 7
30 7 4
30 7 5
30 7 6
30 7 7
19 0 -1
19 1 -1
19 2 -1
19 3 -1
19 4 -1
19 5 -1
19 6 -1
19 7 -1
5 0 -1
5 1 -1
5 2 -1
5 3 -1
5 4 -1
5 5 -1
5 6 -1
5 7 -1
15 -1 -1
49 0 -1
49 1 -1
49 2 -1
49 3 -1
49 4 -1
49 5 -1
49 6 -1
49 7 -1
31 -1 -1
4 -1 -1
9 0 -1
9 1 -1
9 2 -1
9 3 -1
9 4 -1
9 5 -1
9 6 -1
9 7 -1
7 0 -1
7 1 -1
7 2 -1
7 3 -1
7 4 -1
7 5 -1
7 6 -1
7 7 -1
31 0 -1
31 1 -1
31 2 -1
31 3 -1
31 4 -1
31 5 -1
31 6 -1
31 7 -1
9 -1 -1
5 -1 -1
30 0 -1
30 1 -1
30 2 -1
30 3 -1
30 4 -1
30 5 -1
30 6 -1
30 7 -1
8 -1 -1
10 -1 -1
